best_epochs: 1000
best_dense_layers: 3
ensemble_size: 5
best_dropout: 0.75
best_lr: 0.01
best_dense_layer_units: 10
best_batch_size: 300
test_perf: {'acc': 0.84615384615384615, 'rec': 0.95833333333333337, 'prec': 0.8214285714285714, 'f1': 0.88461538461538469}
