best_lr: 0.001
epochs: 500
batch_size: 300
test_perf: {'acc': 0.74358974358974361, 'rec': 0.75, 'prec': 0.81818181818181823, 'f1': 0.78260869565217384}
