best_epochs: 500
best_dense_layers: 7
ensemble_size: 5
best_dropout: 0.3
best_lr: 0.001
best_dense_layer_units: 3
best_batch_size: 300
test_perf: {'acc': 0.87179487179487181, 'rec': 0.95833333333333337, 'prec': 0.85185185185185186, 'f1': 0.90196078431372562}
