best_epochs: 50
best_dense_layers: 3
ensemble_size: 10
best_dropout: 0.75
best_lr: 0.0001
best_dense_layer_units: 10
test_ensemble_size: 100
best_batch_size: 300
test_perf: {'acc': 0.48717948717948717, 'rec': 0.70833333333333337, 'prec': 0.56666666666666665, 'f1': 0.62962962962962965}
