best_epochs: 500
best_dense_layers: 2
ensemble_size: 5
best_dropout: 0.0
best_lr: 0.0001
best_dense_layer_units: 15
test_ensemble_size: 100
best_batch_size: 300
test_perf: {'acc': 0.64102564102564108, 'rec': 0.625, 'prec': 0.75, 'f1': 0.68181818181818177}
